Centre:0.44769999999999754,0.2417,9
Bounds-0.046699999999987085,-0.0824,0.9805000000000064,0.5246
zoom:0,17

Centre:0.39280000000002246,0.2403,10
Zoom:0,18


center 109.9031,0.2596,10
zoom:10:16
bounds:109.4403,-0.0412,110.5087,0.5109

-180,-85.0511,180,85.0511

center 109.905,0.2429,13
zoom :10:16
bound 109.4843,-0.0165,110.4703,0.4861

testmap2

center:109.888,0.2650,10
zoom:0:17
bounds:109.4856,-0.0261,110.4662,0.4916

