Centre:0.44769999999999754,0.2417,9
Bounds-0.046699999999987085,-0.0824,0.9805000000000064,0.5246
zoom:0,17

Centre:0.39280000000002246,0.2403,10
Zoom:0,18
